~~~~~~~~冒泡排序~~~~~~~~
****第1次****
初始数组：[73, 38, 68, 69, 75, 4, 25, 48, 9, 32, 3, 23, 84, 30, 90, 74, 14, 24, 5, 60]
冒泡排序：[3, 4, 5, 9, 14, 23, 24, 25, 30, 32, 38, 48, 60, 68, 69, 73, 74, 75, 84, 90]
对比次数：190
换位次数：107
------------------------------------------
****第2次****
初始数组：[83, 26, 29, 56, 88, 97, 86, 57, 55, 92, 60, 98, 30, 43, 42, 89, 36, 27, 48, 72]
冒泡排序：[26, 27, 29, 30, 36, 42, 43, 48, 55, 56, 57, 60, 72, 83, 86, 88, 89, 92, 97, 98]
对比次数：190
换位次数：102
------------------------------------------
****第3次****
初始数组：[73, 20, 32, 46, 4, 72, 98, 55, 11, 10, 21, 25, 93, 16, 54, 33, 100, 71, 26, 69]
冒泡排序：[4, 10, 11, 16, 20, 21, 25, 26, 32, 33, 46, 54, 55, 69, 71, 72, 73, 93, 98, 100]
对比次数：190
换位次数：83
------------------------------------------
****第4次****
初始数组：[3, 69, 38, 64, 15, 48, 4, 71, 13, 39, 45, 19, 16, 20, 62, 98, 89, 6, 78, 11]
冒泡排序：[3, 4, 6, 11, 13, 15, 16, 19, 20, 38, 39, 45, 48, 62, 64, 69, 71, 78, 89, 98]
对比次数：190
换位次数：85
------------------------------------------
****第5次****
初始数组：[84, 61, 100, 88, 53, 76, 92, 8, 36, 15, 16, 27, 93, 6, 58, 79, 1, 95, 12, 85]
冒泡排序：[1, 6, 8, 12, 15, 16, 27, 36, 53, 58, 61, 76, 79, 84, 85, 88, 92, 93, 95, 100]
对比次数：190
换位次数：111
------------------------------------------
平均对比次数：190.0
平均换位次数：97.6
平均运行时间：1.06064s
********************************************************


~~~~~~~~选择排序~~~~~~~~
****第1次****
初始数组：[8, 96, 44, 90, 22, 52, 58, 71, 6, 75, 94, 74, 24, 34, 19, 42, 100, 56, 29, 73]
选择排序：[6, 8, 19, 22, 24, 29, 34, 42, 44, 52, 56, 58, 71, 73, 74, 75, 90, 94, 96, 100]
对比次数：190
换位次数：18
------------------------------------------
****第2次****
初始数组：[83, 37, 61, 43, 92, 19, 35, 88, 90, 95, 5, 79, 58, 14, 80, 77, 3, 66, 9, 69]
选择排序：[3, 5, 9, 14, 19, 35, 37, 43, 58, 61, 66, 69, 77, 79, 80, 83, 88, 90, 92, 95]
对比次数：190
换位次数：18
------------------------------------------
****第3次****
初始数组：[27, 70, 46, 31, 40, 98, 44, 20, 54, 16, 7, 95, 11, 96, 97, 32, 85, 86, 77, 47]
选择排序：[7, 11, 16, 20, 27, 31, 32, 40, 44, 46, 47, 54, 70, 77, 85, 86, 95, 96, 97, 98]
对比次数：190
换位次数：16
------------------------------------------
****第4次****
初始数组：[9, 95, 74, 85, 36, 19, 4, 94, 23, 43, 58, 11, 17, 13, 73, 34, 48, 31, 49, 78]
选择排序：[4, 9, 11, 13, 17, 19, 23, 31, 34, 36, 43, 48, 49, 58, 73, 74, 78, 85, 94, 95]
对比次数：190
换位次数：16
------------------------------------------
****第5次****
初始数组：[67, 52, 2, 24, 33, 90, 38, 4, 98, 59, 41, 58, 7, 53, 70, 36, 1, 97, 56, 45]
选择排序：[1, 2, 4, 7, 24, 33, 36, 38, 41, 45, 52, 53, 56, 58, 59, 67, 70, 90, 97, 98]
对比次数：190
换位次数：17
------------------------------------------
平均对比次数：190.0
平均换位次数：17.0
平均运行时间：0.18964s
********************************************************


~~~~~~~~插入排序~~~~~~~~
****第1次****
初始数组：[85, 10, 66, 50, 62, 82, 68, 9, 67, 98, 39, 15, 99, 12, 65, 77, 46, 53, 37, 63]
插入排序：[9, 10, 12, 15, 37, 39, 46, 50, 53, 62, 63, 65, 66, 67, 68, 77, 82, 85, 98, 99]
对比次数：119
换位次数：102
------------------------------------------
****第2次****
初始数组：[84, 9, 62, 92, 82, 64, 60, 51, 90, 47, 10, 73, 85, 2, 30, 91, 58, 76, 20, 7]
插入排序：[2, 7, 9, 10, 20, 30, 47, 51, 58, 60, 62, 64, 73, 76, 82, 84, 85, 90, 91, 92]
对比次数：133
换位次数：116
------------------------------------------
****第3次****
初始数组：[68, 25, 56, 79, 86, 64, 28, 55, 67, 16, 57, 98, 90, 11, 51, 40, 48, 59, 36, 66]
插入排序：[11, 16, 25, 28, 36, 40, 48, 51, 55, 56, 57, 59, 64, 66, 67, 68, 79, 86, 90, 98]
对比次数：121
换位次数：105
------------------------------------------
****第4次****
初始数组：[75, 55, 93, 72, 12, 87, 66, 77, 37, 15, 21, 17, 1, 43, 90, 64, 82, 95, 6, 9]
插入排序：[1, 6, 9, 12, 15, 17, 21, 37, 43, 55, 64, 66, 72, 75, 77, 82, 87, 90, 93, 95]
对比次数：126
换位次数：110
------------------------------------------
****第5次****
初始数组：[36, 59, 79, 76, 68, 27, 56, 7, 61, 97, 8, 70, 98, 55, 89, 100, 54, 35, 24, 58]
插入排序：[7, 8, 24, 27, 35, 36, 54, 55, 56, 58, 59, 61, 68, 70, 76, 79, 89, 97, 98, 100]
对比次数：114
换位次数：97
------------------------------------------
平均对比次数：122.6
平均换位次数：106.0
平均运行时间：0.16416s
********************************************************


~~~~~~~~希尔排序~~~~~~~~
****第1次****
初始数组：[53, 9, 16, 66, 31, 33, 74, 55, 67, 11, 75, 54, 17, 4, 72, 45, 97, 90, 84, 79]
希尔排序：[4, 9, 11, 16, 17, 31, 33, 45, 53, 54, 55, 66, 67, 72, 74, 75, 79, 84, 90, 97]
对比次数：87
换位次数：32
------------------------------------------
****第2次****
初始数组：[60, 96, 43, 55, 37, 87, 24, 61, 39, 66, 27, 67, 82, 56, 47, 62, 10, 41, 31, 69]
希尔排序：[10, 24, 27, 31, 37, 39, 41, 43, 47, 55, 56, 60, 61, 62, 66, 67, 69, 82, 87, 96]
对比次数：92
换位次数：41
------------------------------------------
****第3次****
初始数组：[18, 2, 41, 37, 28, 70, 56, 52, 72, 79, 22, 12, 1, 83, 33, 5, 75, 62, 50, 31]
希尔排序：[1, 2, 5, 12, 18, 22, 28, 31, 33, 37, 41, 50, 52, 56, 62, 70, 72, 75, 79, 83]
对比次数：87
换位次数：31
------------------------------------------
****第4次****
初始数组：[77, 89, 8, 28, 60, 3, 78, 46, 84, 99, 48, 44, 1, 79, 63, 93, 55, 31, 61, 9]
希尔排序：[1, 3, 8, 9, 28, 31, 44, 46, 48, 55, 60, 61, 63, 77, 78, 79, 84, 89, 93, 99]
对比次数：83
换位次数：33
------------------------------------------
****第5次****
初始数组：[74, 46, 1, 5, 59, 86, 64, 84, 69, 49, 61, 85, 26, 27, 75, 80, 23, 20, 24, 99]
希尔排序：[1, 5, 20, 23, 24, 26, 27, 46, 49, 59, 61, 64, 69, 74, 75, 80, 84, 85, 86, 99]
对比次数：92
换位次数：39
------------------------------------------
平均对比次数：88.2
平均换位次数：35.2
平均运行时间：0.1508s
********************************************************


~~~~~~~~归并排序~~~~~~~~
****第1次****
初始数组：[78, 47, 14, 34, 42, 30, 31, 40, 85, 1, 59, 93, 53, 82, 29, 62, 24, 10, 58, 28]
归并排序：[1, 10, 14, 24, 28, 29, 30, 31, 34, 40, 42, 47, 53, 58, 59, 62, 78, 82, 85, 93]
对比次数：0
换位次数：0
------------------------------------------
****第2次****
初始数组：[85, 37, 35, 59, 94, 77, 9, 47, 66, 49, 100, 60, 19, 62, 11, 39, 30, 74, 68, 32]
归并排序：[9, 11, 19, 30, 32, 35, 37, 39, 47, 49, 59, 60, 62, 66, 68, 74, 77, 85, 94, 100]
对比次数：0
换位次数：0
------------------------------------------
****第3次****
初始数组：[99, 66, 32, 77, 46, 48, 40, 84, 29, 54, 44, 38, 78, 19, 10, 11, 24, 67, 33, 6]
归并排序：[6, 10, 11, 19, 24, 29, 32, 33, 38, 40, 44, 46, 48, 54, 66, 67, 77, 78, 84, 99]
对比次数：0
换位次数：0
------------------------------------------
****第4次****
初始数组：[6, 66, 86, 18, 71, 15, 36, 47, 93, 64, 52, 97, 4, 22, 61, 72, 85, 99, 42, 96]
归并排序：[4, 6, 15, 18, 22, 36, 42, 47, 52, 61, 64, 66, 71, 72, 85, 86, 93, 96, 97, 99]
对比次数：0
换位次数：0
------------------------------------------
****第5次****
初始数组：[57, 53, 17, 79, 6, 29, 33, 96, 11, 23, 62, 93, 46, 20, 14, 43, 16, 54, 4, 71]
归并排序：[4, 6, 11, 14, 16, 17, 20, 23, 29, 33, 43, 46, 53, 54, 57, 62, 71, 79, 93, 96]
对比次数：0
换位次数：0
------------------------------------------
平均对比次数：0.0
平均换位次数：0.0
平均运行时间：0.1459s
********************************************************


